-100 0
-99 0
-98 -0.554284
-97 -0.217047
-96 0.485067
-95 0
-94 0
-93 0
-92 -0.116123
-91 0
-90 -0.0480535
-89 0
-88 0
-87 0
-86 0.655565
-85 -1.22349
-84 -0.287621
-83 0
-82 0
-81 0
-80 0
-79 -0.744362
-78 -0.32558
-77 1.07102
-76 0
-75 0
-74 0
-73 -0.369559
-72 0.12615
-71 0.181576
-70 0
-69 0.69123
-68 0
-67 0.17529
-66 -2.53256
-65 -0.186238
-64 0
-63 0
-62 0
-61 1.425
-60 -0.949445
-59 -0.332578
-58 3.01567
-57 0
-56 0
-55 0
-54 -0.577239
-53 -0.238459
-52 0.536447
-51 0
-50 0
-49 0
-48 -0.14935
-47 0
-46 -0.0255734
-45 0
-44 0
-43 0
-42 0.585828
-41 -1.27867
-40 -0.278472
-39 0
-38 0
-37 0
-36 0
-35 -0.766726
-34 -0.330347
-33 1.17425
-32 0
-31 0
-30 0
-29 -0.395821
-28 0.0484177
-27 0.215359
-26 0
-25 1.78868
-24 0
-23 0.131223
-22 -3.52519
-21 -0.170649
-20 0
-19 0
-18 0
-17 1.28248
-16 -0.977792
-15 -0.329074
-14 4.3123
-13 0
-12 0
-11 0
-10 -0.599931
-9 -0.256897
-8 0.591275
-7 0
-6 0
-5 0
-4 -0.181533
-3 0
-2 -0.00201363
-1 0
0 0
1 0
2 0.520543
3 -1.34252
4 -0.268595
5 0
6 0
7 0
8 5.40963
9 -0.789324
10 -0.33392
11 1.29038
12 0
13 0
14 0
15 -0.421504
16 -0.0146043
17 0.250908
18 0
19 0
20 0
21 0.0889956
22 0
23 -0.154234
24 0
25 0
26 0
27 1.1574
28 -1.00779
29 -0.324775
30 0
31 0
32 0
33 0
34 -0.622407
35 -0.272759
36 0.649969
37 0
38 0
39 0
40 -0.212739
41 1.63335
42 0.0226776
43 0
44 -2.64595
45 0
46 0.459182
47 -1.41792
48 -0.257986
49 0
50 0
51 0
52 3.2099
53 -0.812246
54 -0.336378
55 1.42288
56 0
57 0
58 0
59 -0.446652
60 -0.0666231
61 0.28836
62 0
63 0
64 0
65 0.0484618
66 0
67 -0.136971
68 0
69 0
70 0
71 1.04594
72 -1.03978
73 -0.319701
74 0
75 0
76 0
77 0
78 -0.644712
79 -0.286363
80 0.71303
81 0
82 0
83 0
84 -0.243035
85 0.976167
86 0.0485578
87 0
88 -1.80446
89 0
90 0.401302
91 -1.50924
92 -0.246639
93 0
94 0
95 0
96 2.57151
97 -0.835594
98 -0.33779
99 1.57689
100 0
